 Results in Test Set (Best Index) - Baseline - 9
0.7187096774193549	0.5689479060265578	0.6351197263397947	
class 1	0.7211538461538461	0.6787330316742082	0.6993006993006994
class 2	0.7296137339055794	0.5629139072847682	0.6355140186915887
class 3	0.6959459459459459	0.5722222222222222	0.628048780487805
class 4	0.8157894736842105	0.3229166666666667	0.4626865671641791
[[4354   44   46   42    5]
 [  65  150    2    4    0]
 [ 119    7  170    6    0]
 [ 132    6   14  206    2]
 [  25    1    1   38   31]]
